0.0000000000000000000
0.6116720204908720000
1.0573640952799700000
1.1397863213282000000
0.7863779885580780000
0.0919071339310422000
-0.7034925684504110000
-1.2976618543343300000
-1.4421448474319200000
-1.0456056023382000000
-0.2219346594137170000
0.7403495949185770000
1.4802885746377800000
1.7016780536861100000
1.2924539498481600000
0.3778044060153910000
-0.7172874098213170000
-1.5853064596448100000
-1.8903147324733900000
-1.4997235077994800000
-0.5413851940950370000
0.6384626021289850000
1.6025241537032200000
1.9874048234095400000
1.6429229727216400000
0.6915142252025820000
-0.5160668589625220000
-1.5324353964442900000
-1.9823462083534900000
-1.7037759291508600000
-0.8073468915692320000
0.3680938252237610000
1.3857162373669800000
1.8759196731317700000
1.6729812878140200000
0.8717399882343230000
-0.2152957394141970000
-1.1813771561049800000
-1.6801526553962200000
-1.5518266316477200000
-0.8741642938712320000
0.0777894368614545000
0.9438511805060680000
1.4167325570144800000
1.3524088910497500000
0.8127060488109760000
0.0281813401565476000
-0.6994430584116830000
-1.1141875409890600000
-1.0964076920652800000
-0.6948441945404520000
-0.0928461045878345000
0.4726477584984240000
0.8042194706058220000
0.8125566655932480000
0.5368634569901900000
0.1144839931435370000
-0.2828576990890850000
-0.5176868646329620000
-0.5331390101959990000
-0.3619579997065010000
-0.0997405965440444000
0.1419159688530770000
0.2807798256660420000
0.2899702881098730000
0.1972688705684390000
0.0626340287921239000
-0.0528465775354008000
-0.1118979258209880000
-0.1104045804242920000
-0.0702540242716610000
-0.0223911334362165000
0.0099206411634081800
0.0196405884106967000
0.0138993720001268000
0.0048900982741045200
0.0004269497121357050
-0.0000239774812651953
-0.0021620180357265200
-0.0095998439408675200
-0.0182358465531815000
-0.0169082030120396000
0.0051044172829481700
0.0479514432885175000
0.0952649241889525000
0.1178434706650530000
0.0874062647024457000
-0.0053228197135853500
-0.1379012538529790000
-0.2576746865275500000
-0.3003917791697150000
-0.2201372906032950000
-0.0175678122865830000
0.2483483239565380000
0.4744569044811640000
0.5517495853978910000
0.4142079142731250000
0.0771215241786426000
-0.3546421735825160000
-0.7170778144262700000
-0.8484819805111620000
-0.6591449332600150000
-0.1798410660166350000
0.4347258770456820000
0.9545851887525010000
1.1606133680857900000
0.9358065109849100000
0.3239169869712570000
-0.4722209720142850000
-1.1575923931417300000
-1.4552871786399000000
-1.2185760243647100000
-0.4992586740856760000
0.4585848995348830000
1.3019638497055700000
1.7008373451701600000
1.4785555962853500000
0.6888230302254490000
-0.3940474123455090000
-1.3717089137751600000
-1.8707284256216800000
-1.6873306979921500000
-0.8710563237694590000
0.2872110833997000000
1.3607057778975000000
1.9468379172254200000
1.8207907865382400000
1.0231004407342000000
-0.1533949703668530000
-1.2730433160519000000
-1.9216435747360200000
-1.8624762690278800000
-1.1242999028637400000
0.0119819930798072000
1.1219632521779400000
1.7990280266901000000
1.8059816035128100000
1.1594971723556900000
0.1168261699460520000
-0.9275802820014860000
-1.5936018773107200000
-1.6560700682360000000
-1.1216281897847500000
-0.2153582144826820000
0.7137263843335720000
1.3286484905845500000
1.4283303394198900000
1.0132246439594600000
0.2714238761699150000
-0.5043839602369410000
-1.0329806775484600000
-1.1474042855697900000
-0.8465810482622630000
-0.2804221321512080000
0.3202242242468540000
0.7371455850778220000
0.8440115695865040000
0.6425320689602330000
0.2462856110370820000
-0.1757454837300090000
-0.4694990263434860000
-0.5511623809554040000
-0.4279823479412090000
-0.1811092092693790000
0.0774140385481408000
0.2526827099525090000
0.3000617490523600000
0.2325094906164310000
0.1035027295171700000
-0.0230617784316607000
-0.1009759379246120000
-0.1162517353648470000
-0.0844956506499951000
-0.0358942706822413000
0.0026105143220259500
0.0188663596538736000
0.0165053608010803000
0.0073150086073175000
0.0011663657928668500
0.0000000181002920882
-0.0010103979475166600
-0.0068829062982305700
-0.0161029779237294000
-0.0191081840743017000
-0.0039781384888149900
0.0335576483587032000
0.0822016283818837000
0.1155580272647850000
0.1031997981197660000
0.0283690433330734000
-0.0966225935824689000
-0.2269762183008750000
-0.2990887553606570000
-0.2582035820086270000
-0.0887644459998748000
0.1675282185110720000
0.4176865049628980000
0.5494363759997880000
0.4789286949948060000
0.1945282011850600000
-0.2243417739895410000
-0.6260489086018250000
-0.8407013938082580000
-0.7503724403144650000
-0.3469587273372790000
0.2491874784105490000
0.8228339732936170000
1.1415109974599400000
1.0492497531815400000
0.5386737193467910000
-0.2308590459961310000
-0.9817024507168550000
-1.4189073526202900000
-1.3467262226630300000
-0.7543256128495040000
0.1663608467557280000
1.0825363259687400000
1.6424383347391000000
1.6119985086606900000
0.9725627418539670000
-0.0611649015958398000
-1.1138179519915600000
-1.7879050416777000000
-1.8162430662910200000
-1.1689687354102300000
-0.0718409448861720000
1.0737489570511800000
1.8402684274841900000
1.9363972628212000000
1.3195675189224500000
0.2145473719423340000
-0.9699810434731430000
-1.7953338545314800000
-1.9582545509561400000
-1.4043941940381800000
-0.3466276501588290000
0.8180276082370390000
1.6600009685802400000
1.8784452043859800000
1.4106157553957600000
0.4489003670829910000
-0.6386104765898740000
-1.4510634929207300000
-1.7050239417056400000
-1.3347427537935100000
-0.5065466266921780000
0.4543438490071770000
1.1927417936101400000
1.4565748456839600000
1.1835959269776900000
0.5116971867121710000
-0.2862471092638730000
-0.9133027796572000000
-1.1599460751864400000
-0.9738634537419330000
-0.4649946950284440000
0.1505970182712120000
0.6412430463761390000
0.8469138604173920000
0.7302808622937660000
0.3758832378121490000
-0.0565756552129192000
-0.4015654460860720000
-0.5502211481024150000
-0.4826591820484410000
-0.2615609426712880000
0.0050512518639827700
0.2126592311616570000
0.2995207368389760000
0.2621504139737210000
0.1447252858644070000
0.0113380032967451000
-0.0842027669899934000
-0.1177641089170250000
-0.0972496964667167000
-0.0504173932562013000
-0.0068180739528939600
0.0163587436043655000
0.0185139369730700000
0.0100749550736818000
0.0024057377343800300
0.0000395030332350674
-0.0003461138160916080
-0.0045293572224213400
-0.0134312671054314000
-0.0196219181462216000
-0.0109298338176414000
0.0202770271854866000
0.0677966519224084000
0.1090630670918510000
0.1131610562815860000
0.0573082180111250000
-0.0559685440666992000
-0.1909786820516990000
-0.2873369794850530000
-0.2842863890048730000
-0.1517691701894870000
0.0863030738162979000
0.3500621060222660000
0.5284036994642000000
0.5237417784281130000
0.2993060798145560000
-0.0926373490738754000
-0.5178191873208780000
-0.8046859454612640000
-0.8124959487379620000
-0.4960406647366590000
0.0617575954672134000
0.6675933360994880000
1.0843590752472500000
1.1238433995780400000
0.7292667739046060000
0.0120515746957718000
-0.7768792246655580000
-1.3353565658470400000
-1.4265970121585100000
-0.9788281694156530000
-0.1261253039616360000
0.8302043561543730000
1.5293628435495200000
1.6889530587696100000
1.2196569474912900000
0.2698498167791870000
-0.8209238737154450000
-1.6452605034062100000
-1.8825124254690600000
-1.4251295732693400000
-0.4263405983851460000
0.7516990254658090000
1.6715769809665600000
1.9859161394932700000
1.5707753654375500000
0.5751182796748750000
-0.6336193818777220000
-1.6076161701089200000
-1.9876025881895200000
-1.6378152754981100000
-0.6953861070444620000
0.4841226658745950000
1.4631435549309000000
1.8873114569526200000
1.6160254037846500000
0.7694228112530380000
-0.3240364407644120000
-1.2566934582970900000
-1.6961291573983600000
-1.5055079475247400000
-0.7855845247006240000
0.1741888364981310000
1.0127560185220600000
1.4350688179186800000
1.3171001286699800000
0.7404621918092750000
-0.0520936961091191000
-0.7582531323434710000
-1.1323772157296200000
-1.0713385990225700000
-0.6398593579589380000
-0.0307990719158871000
0.5188058200912440000
0.8199336479394570000
0.7960967913090590000
0.4984226441790540000
0.0708822571714568000
-0.3153175255720300000
-0.5292277130453560000
-0.5231976881458110000
-0.3379499508727530000
-0.0729368668532691000
0.1613460574819260000
0.2874574425873090000
0.2844485486473740000
0.1845921552175730000
0.0493630058686218000
-0.0616189187772314000
-0.1142687778748890000
-0.1076269734245990000
-0.0653256443300140000
-0.0182074241653055000
0.0118796628987658000
0.0195651039683121000
0.0129575475865320000
0.0041823683734047700
0.0002758992655098490
-0.0000605495249244890
-0.0026645460752711100
-0.0105536204236461000
-0.0187654239914510000
-0.0157543059220516000
0.0085865307893560200
0.0528942997190855000
0.0991684285726143000
0.1175452642511360000
0.0808372307474795000
-0.0174544841625416000
-0.1515118836627180000
-0.2664218056303970000
-0.2983287079546930000
-0.2048664230592150000
0.0076224252707359100
0.2746608043754370000
0.4904678660992080000
0.5481341019860530000
0.3884124994133440000
0.0357984303693203000
-0.3969281581377430000
-0.7428732228874170000
-0.8445133028762520000
-0.6226016811519350000
-0.1210246335241470000
0.4949935772124710000
0.9923116962300540000
1.1581614445010300000
0.8898134258644020000
0.2481305985629240000
-0.5508532878400320000
-1.2085727695716200000
-1.4564766639730700000
-1.1656794385078700000
-0.4088499811550300000
0.5541702816278320000
1.3663422127855800000
1.7075991206893800000
1.4221273780016400000
0.5876843931317870000
-0.5034318205458440000
-1.4482494991115500000
-1.8843904309652800000
-1.6310602042816300000
-0.7641638990709850000
0.4057699490473930000
1.4467825566123900000
1.9678207046313800000
1.7681663039220100000
0.9159340282286230000
-0.2754944276867680000
-1.3648309427696600000
-1.9493099846510400000
-1.8163301411584100000
-1.0222205607053500000
0.1315729235337750000
1.2148110282255200000
1.8317130479729500000
1.7681621716394400000
1.0671639030879800000
0.0055559653220366000
-1.0165241306739000000
-1.6288214746849800000
-1.6272836286947600000
-1.0425281810842000000
-0.1173565931247510000
0.7940730697143280000
1.3634589082329600000
1.4081704741624200000
0.9493746499168370000
0.1902515635510750000
-0.5722899392892070000
-1.0644364204396500000
-1.1345578968511300000
-0.7984329523771290000
-0.2179006512695030000
0.3731903659229960000
0.7627883419996330000
0.8366047896707620000
0.6090869628005140000
0.2023593232568090000
-0.2129586885397780000
-0.4878035911409650000
-0.5471889905182730000
-0.4070886330548050000
-0.1539363804181580000
0.0998862808803666000
0.2633904586810220000
0.2978247655490600000
0.2212955986657230000
0.0897601970454316000
-0.0335436412316178000
-0.1052610824934520000
-0.1147471326168420000
-0.0798704333709759000
-0.0312522579022158000
0.0052862609664153400
0.0193030226017988000
0.0156856851340924000
0.0064610691463023100
0.0008681037749536250
-0.0000004885535003547
-0.0013363628205281500
-0.0077565862846030400
-0.0168911979052976000
-0.0185762294990944000
-0.0011837281378725200
0.0382595305528426000
0.0867484319236494000
0.1168247590677380000
0.0985889657699304000
0.0176256763315291000
-0.1103930623070190000
-0.2378870338306300000
-0.3007386168604440000
-0.2468294218245740000
-0.0658442736726672000
0.1946650931796040000
0.4379624047189190000
0.5523601622670650000
0.4595190829975480000
0.1566264399611300000
-0.2681685481645190000
-0.6585164040674380000
-0.8465264498173910000
-0.7231154318892890000
-0.2930100269511080000
0.3115736346053850000
0.8696472840799320000
1.1522264566709400000
1.0156397246699000000
0.4694509044312980000
-0.3119064813835850000
-1.0439074011407100000
-1.4364253256419600000
-1.3092384235223100000
-0.6723117758990820000
0.2643014186765370000
1.1597635150208200000
1.6681617396003800000
1.5736455199698800000
0.8816177667008410000
-0.1724864102767190000
-1.2041559996749400000
-1.8223719166234300000
-1.7800820628315700000
-1.0738382801278800000
0.0479466982007658000
1.1738242114534100000
1.8829313745686300000
1.9050623040095500000
1.2253025992596800000
0.0920957499112887000
-1.0752415277450000000
-1.8445133291810300000
-1.9335827194876700000
-1.3157600646345500000
-0.2275773750479070000
0.9232002004390210000
1.7130253168733300000
1.8612501379976500000
1.3315684121905600000
0.3389261435747580000
-0.7382754066500870000
-1.5045806572545700000
-1.6950474307117600000
-1.2680402351081000000
-0.4103322133898140000
0.5435531051125640000
1.2431614963744100000
1.4526200388459600000
1.1305913343718900000
0.4324641480125830000
-0.3611057904254890000
-0.9573075417603860000
-1.1601683875240900000
-0.9345001729895870000
-0.4042182061736300000
0.2087301921411300000
0.6762946017451560000
0.8492218821463300000
0.7032816137435870000
0.3332275726656360000
-0.0974174788755056000
-0.4263317546677110000
-0.5527231563320940000
-0.4658733556100250000
-0.2350377303424690000
0.0299160949275068000
0.2272966753958640000
0.3009452320669790000
0.2530024702850800000
0.1310479683964180000
-0.0005859461457941040
-0.0904470188151190000
-0.1177861914472090000
-0.0932182630889509000
-0.0454996357342707000
-0.0034465701824233200
0.0174036307073239000
0.0179328414924676000
0.0091294088436742200
0.0019333451612916300
0.0000131534644831685
-0.0005190152264677520
-0.0052641611591204400
-0.0143603889017043000
-0.0196195494375735000
-0.0088518131512434800
0.0245478111561345000
0.0726939668383204000
0.1116475846550940000
0.1104777434602810000
0.0482364790997615000
-0.0693528214784350000
-0.2034541858186490000
-0.2923419371078540000
-0.2769370759846730000
-0.1317934856143200000
0.1132362123024810000
0.3736230373023100000
0.5373940923264440000
0.5110638293384310000
0.2659851699851320000
-0.1364010244948210000
-0.5555337394029260000
-0.8196959381198600000
-0.7951066966916900000
-0.4486461458140800000
0.1240348296051900000
0.7215824891507700000
1.1074674896780700000
1.1034134323929600000
0.6688070697759390000
-0.0685668056926391000
-0.8479054730277660000
-1.3682359259793800000
-1.4054799545290800000
-0.9078552999493760000
-0.0292270162564577000
0.9174200578073130000
1.5728739653306100000
1.6697324321019000000
1.1418881035276300000
0.1604258734669300000
-0.9218211192177730000
-1.6991587056761400000
-1.8675369759030800000
-1.3449396189592200000
-0.3094376858290100000
0.8622758376279100000
1.7343802690587600000
1.9768953473015400000
1.4926325596200800000
0.4565215969384520000
-0.7487474606375780000
-1.6766624278908700000
-1.9853239355032600000
-1.5657384130199600000
-0.5809835209760290000
0.5980739083157810000
1.5348361867111000000
1.8915219573535900000
1.5531355290164700000
0.6645688012353440000
-0.4311030158529970000
-1.3269069934906800000
-1.7055984363385500000
-1.4537326110551700000
-0.6945448320917380000
0.2693178471170120000
1.0773489431257600000
1.4478233473216200000
1.2770650880467300000
0.6660083607790770000
-0.1314543868038170000
-0.8136181559714530000
-1.1460691698762200000
-1.0424542456956800000
-0.5830613686541320000
0.0306104858822365000
0.5623804386093470000
0.8322870581443680000
0.7768183794796650000
0.4586605467793630000
0.0277300706062162000
-0.3459812491519200000
-0.5384921882550710000
-0.5114136663696710000
-0.3131356229599920000
-0.0464701880698995000
0.1796446640720920000
0.2927975264992160000
0.2779334605137610000
0.1715641641739820000
0.0363574550831264000
-0.0697787022613282000
-0.1160254037844450000
-0.1044870019993330000
-0.0603575865607444000
-0.0142088821957176000
0.0136027853242825000
0.0193434420788837000
0.0119989737927493000
0.0035310662616638400
0.0001647292807212500
-0.0001223924077871080
-0.0032273118919621900
-0.0115168748488610000
-0.0191818509481238000
-0.0143770822584009000
0.0122832324107744000
0.0578677976640525000
0.1027912047165910000
0.1166784161159600000
0.0736239478338588000
-0.0299698351626001000
-0.1649396778698840000
-0.2743208377840790000
-0.2949696934441760000
-0.1883542313221960000
0.0333950228466112000
0.3004629778854780000
0.5048566595779520000
0.5422719728173890000
0.3606107616208640000
-0.0063739280147192300
-0.4383393021869490000
-0.7661582378513190000
-0.8372020717840880000
-0.5831555925434710000
-0.0610036105634763000
0.5540577002079780000
1.0266285586785200000
1.1512253326748900000
0.8399514254017950000
0.1706983778072830000
-0.6280479237114340000
-1.2553342182984300000
-1.4521039346353500000
-1.1079592347574100000
-0.3162939663606540000
0.6482159255348300000
1.4258691673962800000
1.7078905778660700000
1.3600224985448600000
0.4838821309155510000
-0.6113185891929810000
-1.5195458239077600000
-1.8909345752089200000
-1.5684498066380500000
-0.6541351451056980000
0.5230043641310080000
1.5274942724592400000
1.9813628342936700000
1.7088027146939400000
0.8052643844801740000
-0.3965394525613560000
-1.4514045751754100000
-1.9695679286881200000
-1.7633596717047800000
-0.9164326471151160000
0.2504279718932390000
1.3028371533515800000
1.8573698492992300000
1.7237651557041800000
0.9711178545050400000
-0.1052922933833850000
-1.1012250592212900000
-1.6576984602902100000
-1.5924808109595100000
-0.9599279283888940000
-0.0195158147785179000
0.8708718722811680000
1.3928450822458400000
1.3828176139769200000
0.8824407718240800000
0.1090662632423930000
-0.6373848097517840000
-1.0915259920980900000
-1.1175224018945900000
-0.7477791235402880000
-0.1552937257630530000
0.4240556009935610000
0.7851609700675470000
0.8260913996654030000
0.5738085403888600000
0.1583670386361630000
-0.2487018250337130000
-0.5038741301760480000
-0.5411598326820350000
-0.3850427218706910000
-0.1267764925640720000
0.1214091286870160000
0.2727578292916820000
0.2944455993143450000
0.2095260925038760000
0.0761181168055767000
-0.0434806303590932000
-0.1088990394852120000
-0.1127882069821190000
-0.0751126274172556000
-0.0267450149931014000
0.0077231745303977400
0.0195572676860218000
0.0148128105404441000
0.0056510549312965000
0.0006228815887822170
-0.0000061966381525199
-0.0017196217191967600
-0.0086647193833570700
-0.0176066100304298000
-0.0178460439374694000
0.0018454278152429000
0.0430650645890025000
0.0911138649530772000
0.1175952377156010000
0.0933245384471810000
0.0063833821708345800
-0.1241735245584890000
-0.2481417282115620000
-0.3011848019079480000
-0.2341338530482300000
-0.0420852424273242000
0.2216438949394370000
0.4569211375250930000
0.5531461448741540000
0.4379294212704960000
0.1174453657273490000
-0.3116620467247080000
-0.6889102677506950000
-0.8491385874174360000
-0.6926801447497130000
-0.2372383248620990000
0.3735028266286090000
0.9136323522845500000
1.1586172696694200000
0.9777898611953920000
0.3977797034895050000
-0.3924663294488230000
-1.1026227788807300000
-1.4485811261711900000
-1.2664788632522700000
-0.5871865260920610000
0.3618358259398080000
1.2330076625135800000
1.6876638342524400000
1.5291171208042100000
0.7869217924643830000
-0.2835899080030740000
-1.2902348167734700000
-1.8500220746169900000
-1.7370623623272100000
-0.9744103033730710000
0.1677838094790970000
1.2696009952491600000
1.9185026444132500000
1.8664793961360200000
1.1263545659344500000
-0.0307083807873908000
-1.1763908187928400000
-1.8866686064883600000
-1.9016131350012400000
-1.2222736515757100000
-0.1078877730915430000
1.0246386548544500000
1.7594210040971700000
1.8370576444217400000
1.2477497803059700000
0.2280921603469830000
-0.8347172514348380000
-1.5521449255350800000
-1.6786977147727300000
-1.1969028645056600000
-0.3131430924093530000
0.6301190940543290000
1.2885100814129600000
1.4431794520048200000
1.0737175837408300000
0.3522672017617270000
-0.4339055660994720000
-0.9972385368723960000
-1.1559672111538000000
-0.8920063190227860000
-0.3426109121902880000
0.2653399286468530000
0.7082904951568810000
0.8482379111585510000
0.6739822352179620000
0.2899681884228530000
-0.1371874517820130000
-0.4489939743942900000
-0.5530233672631320000
-0.4476131160955880000
-0.2081814863168260000
0.0540647099691931000
0.2406456842024020000
0.3011144964791960000
0.2431005285015430000
0.1172859231352800000
-0.0120647876998900000
-0.0960385442933900000
-0.1172736944433570000
-0.0889558761590336000
-0.0406507290043290000
-0.0003017719315271040
0.0182365273259867000
0.0172588364841424000
0.0082067915210002000
0.0015206959123515400
0.0000022603926697976
-0.0007390808414436750
-0.0060502281583324400
-0.0152550983437189000
-0.0194522450665203000
-0.0065346489118504700
0.0289805870133243000
0.0775061007643546000
0.1138226369133890000
0.1071605222067860000
0.0385819647764854000
-0.0829229487720468000
-0.2154760651964990000
-0.2962751677740400000
-0.2682421453826030000
-0.1107706780844190000
0.1403478157674190000
0.3962026708978440000
0.5444275464795210000
0.4961198282688450000
0.2310215330015040000
-0.1803604120664690000
-0.5916666092952250000
-0.8317313542143450000
-0.7743864957777870000
-0.3988966124197630000
0.1865925021894850000
0.7734053803591840000
1.1265572768437900000
1.0785312647152000000
0.6052031760250790000
-0.1496408753874800000
-0.9162757238428860000
-1.3961350441038000000
-1.3788351921504100000
-0.8329333109547640000
0.0683925956402638000
1.0016447911841800000
1.6106244747798000000
1.6440583957166900000
1.0594245107722200000
0.0499474329765790000
-1.0195814548962700000
-1.7467745159417400000
-1.8454255453728300000
-1.2594476044126000000
-0.1911208732887310000
0.9697648072205030000
1.7906853606723900000
1.9603701412112000000
1.4087905505854500000
0.3361778110029900000
-0.8610109916341840000
-1.7393135672785000000
-1.9755262453762900000
-1.4878293363300900000
-0.4645810678325600000
0.7095159040992250000
1.6005340719693100000
1.8885557640979300000
1.4845718756709500000
0.5575887979272020000
-0.5360922171546170000
-1.3917717388651800000
-1.7085563305229800000
-1.3967285469504400000
-0.6014089424678990000
0.3628191185120450000
1.1374108653277700000
1.4549875924247200000
1.2324946488110900000
0.5896499214438100000
-0.2096024895366540000
-0.8653565827939120000
-1.1552554938878900000
-1.0099073455836000000
-0.5246915338374530000
0.0911509851497618000
0.6032344027312710000
0.8412769015960320000
0.7548378562253340000
0.4177543553898560000
-0.0148087964920496000
-0.3747578231898940000
-0.5454852548232030000
-0.4978709302284430000
-0.2876330936899750000
-0.0204417636007604000
0.1967631856922160000
0.2968126122215450000
0.2704811412019800000
0.1582527895497190000
0.0236669369613385000
-0.0773105775987279000
-0.1171842251077850000
-0.1010169755244490000
-0.0553788879426303000
-0.0104086634970451000
0.0150940173255286000
0.0189886217807501000
0.0110346675062657000
0.0029384282503002400
0.0000879187753111619
-0.0002156629638354760
-0.0038495015617333300
-0.0124796504177961000
-0.0194717393157656000
-0.0127704942742987000
0.0161841417292116000
0.0628447338944997000
0.1061002778209110000
0.1152229020786990000
0.0657764237961495000
-0.0428238802181080000
-0.1781178145656350000
-0.2813117331605770000
-0.2902940239918510000
-0.1706399784626790000
0.0596549801814754000
0.3256362098675040000
0.5175309052092730000
0.5341444066039690000
0.3308798047594830000
-0.0492396225161408000
-0.4786957369852190000
-0.7868028492138680000
-0.8265309420590040000
-0.5409249249461780000
0.0000000000000039187