7.612933178
7.874460406
8.319413529
8.350764298
7.878069665
7.495617374
7.797799137
8.560500903
8.738815022
7.390631895
4.632462354
1.65597162
-0.230911961
-0.616465559
-0.131284224
0.290311532
0.227307384
-0.076986331
-0.203977351
-0.057350652
0.123240897
0.116898463
-0.029833236
-0.113467142
-0.043749851
0.069031269
0.07975808
-0.010336899
-0.076060961
-0.038454494
0.043461545
0.061911377
-8.0613E-07
-0.056320084
-0.035982757
0.028836443
0.051911787
0.006603631
-0.044404839
-0.035042951
0.019271283
0.045942681
0.011611373
-0.03655213
-0.0352374
0.012244199
0.042417584
0.016087587
-0.031017181
-0.036491572
0.006436155
0.040612917
0.020730604
-0.026862977
-0.038932281
0.000983256
0.040228039
0.026182907
-0.023501849
-0.042905253
-0.004878346
0.041244738
0.033267199
-0.020472534
-0.049106508
-0.01209828
0.043940912
0.043330539
-0.017272142
-0.05893417
-0.022255987
0.049093283
0.059015909
-0.013114776
-0.075467485
-0.038643693
0.058693123
0.086521174
-0.006361338
-0.106774855
-0.069839716
0.078897168
0.144449852
0.007199252
-0.181801055
-0.146720411
0.139926139
0.321343721
0.035707565
-0.516852298
-0.491562411
0.933643915
3.694136968
6.671992459
8.514870438
8.730885351
8.015474663
7.504198587
7.717951278
8.244811724
8.391570439
8.018151947
7.639253242
7.74941462
8.205938709
8.405733446
8.046149752
7.555113192
7.628172306
8.336862287
8.817150469
7.974000581
5.55030032
2.483409854
0.172900813
-0.635585081
-0.308231391
0.210458468
0.291797968
0.011443985
-0.198846597
-0.119109197
0.082981639
0.141028485
0.016838786
-0.104708969
-0.077016478
0.041125734
0.090741487
0.020572451
-0.066209332
-0.059421023
0.021428502
0.066650337
0.022895606
-0.045946474
-0.050250403
0.010082199
0.052988378
0.024772335
-0.033589604
-0.045096881
0.002456284
0.0444813
0.026726166
-0.025189831
-0.042319446
-0.003456797
0.038898459
0.029101902
-0.018891615
-0.041232564
-0.008744904
0.035151406
0.032223824
-0.013648624
-0.0415933
-0.014180109
0.032658505
0.036510508
-0.008721074
-0.043452777
-0.020528338
0.031093385
0.042620957
-0.003396048
-0.047175612
-0.028838418
0.030275661
0.051736428
0.003294755
-0.053643126
-0.040943144
0.030131729
0.066245446
0.013105158
-0.06489313
-0.060726508
0.030745039
0.09177946
0.030046918
-0.086336629
-0.098349046
0.032853472
0.145183716
0.065972408
-0.137522119
-0.190625334
0.043340646
0.306007457
0.173465203
-0.365316181
-0.619445636
0.339731868
2.777280307
5.844521889
8.135261793
8.814115274
8.256515253
7.585440588
7.58811678
8.100067967
8.411596227
8.161557359
7.714812713
7.659328941
8.06695153
8.404395796
8.200093975
7.670252658
7.523232617
8.094642872
8.769901198
8.405810471
6.406698283
3.384096676
0.720532992
-0.548174123
-0.470677815
0.085651502
0.321098468
0.108072341
-0.164467536
-0.169162456
0.027824222
0.146959577
0.06412739
-0.08081207
-0.101352261
0.006130909
0.089674807
0.04995691
-0.046851133
-0.072989572
-0.004295643
0.062409918
0.043334841
-0.029013445
-0.058025048
-0.010486161
0.046876506
0.039936027
-0.018013682
-0.049199762
-0.014947963
0.036974284
0.038409875
-0.010296535
-0.043750077
-0.018820148
0.030105758
0.038264803
-0.004167553
-0.040435133
-0.022776536
0.024958873
0.039377672
0.001373657
-0.038661761
-0.027373477
0.020752939
0.041872992
0.007105208
-0.038178705
-0.033260825
0.016910028
0.046151611
0.013875128
-0.038981104
-0.041428247
0.012844927
0.053070952
0.022947581
-0.041347724
-0.053686129
0.007713488
0.064456577
0.036715954
-0.046092664
-0.073920281
-0.000124628
0.084665737
0.060750764
-0.055546829
-0.112292433
-0.014736409
0.126735116
0.111787091
-0.07869102
-0.205471451
-0.049129868
0.252000984
0.269064872
-0.190276655
-0.633146525
-0.112458256
1.92152134
4.942760164
7.601146574
8.780304892
8.490143891
7.734916663
7.508353359
7.934333915
8.375164123
8.285483834
7.829825887
7.615886072
7.921188592
8.34871064
8.320642195
7.822688039
7.49051095
7.866087535
8.624934468
8.681063348
7.165002591
4.319879867
1.402172167
-0.333377709
-0.590819948
-0.073441268
0.306080998
0.200058998
-0.102737208
-0.199421908
-0.035703123
0.132555163
0.105508046
-0.044179213
-0.112908265
-0.031492468
0.076141822
0.073719972
-0.020255738
-0.077029328
-0.030326511
0.049479388
0.058459833
-0.007642403
-0.058083036
-0.030119642
0.034246772
0.049979008
0.000302903
-0.04669516
-0.030598147
0.024350796
0.045042518
0.006158624
-0.039281148
-0.031773928
0.017185274
0.042321483
0.011187754
-0.034188294
-0.033772864
0.011399124
0.041235209
0.016187934
-0.030547015
-0.036839737
0.006127523
0.041587508
0.021854676
-0.027841917
-0.041408826
0.000634297
0.043467676
0.029038937
-0.025716136
-0.048268865
-0.00596233
0.047306988
0.039101023
-0.023850341
-0.058956184
-0.015097459
0.054162839
0.054687262
-0.021836155
-0.076825614
-0.029736674
0.066658179
0.081994439
-0.018965703
-0.110656001
-0.057575116
0.092767819
0.139642385
-0.014079258
-0.191964271
-0.126070704
0.170760503
0.316393279
-0.017537698
-0.557259063
-0.420130696
1.161106548
4.006582128
6.925126842
8.606541019
8.68215232
7.938953494
7.493313141
7.769035812
8.285172395
8.372898528
7.96932279
7.624701992
7.787939735
8.247460884
8.393553466
7.990637063
7.528341499
7.678167499
8.415165162
8.806166531
7.795805474
5.249216326
2.197730591
0.022136864
-0.639844828
-0.249563511
0.242400126
0.27365218
-0.019522068
-0.203785976
-0.099388886
0.098315591
0.134832852
0.000896645
-0.109369301
-0.066696008
0.051407329
0.088351628
0.010230196
-0.070624719
-0.053119446
0.029336711
0.066047561
0.015384456
-0.050213257
-0.046129321
0.016665528
0.053433531
0.018932143
-0.037806234
-0.042350408
0.008242189
0.045663075
0.021974066
-0.029454876
-0.040551902
0.001845227
0.040694505
0.025113121
-0.023311423
-0.040250251
-0.003712212
0.037548014
0.028809222
-0.01834947
-0.041326377
-0.009247435
0.035728536
0.033565254
-0.013868158
-0.043932774
-0.015539234
0.035008266
0.040106989
-0.009226832
-0.048551486
-0.023621143
0.035356753
0.049690762
-0.003595811
-0.056250043
-0.035272247
0.03698063
0.064828402
0.00448805
-0.069442737
-0.054245405
0.040591211
0.09142922
0.018326142
-0.094496879
-0.090353471
0.04869808
0.147187752
0.047505043
-0.154308021
-0.179142418
0.075710602
0.315889231
0.131730891
-0.419811493
-0.590569381
0.52239733
3.077984294
6.130444492
8.279260289
8.798017585
8.175373404
7.5503676
7.626726578
8.151623528
8.411125511
8.114993663
7.684637918
7.684637918
8.114993663
8.411125511
8.151623528
7.626726578
7.5503676
8.175373404
8.798017585
8.279260289
6.130444492
3.077984294
0.52239733
-0.590569381
-0.419811493
0.131730891
0.315889231
0.075710602
-0.179142418
-0.154308021
0.047505043
0.147187752
0.04869808
-0.090353471
-0.094496879
0.018326142
0.09142922
0.040591211
-0.054245405
-0.069442737
0.00448805
0.064828402
0.03698063
-0.035272247
-0.056250043
-0.003595811
0.049690762
0.035356753
-0.023621143
-0.048551486
-0.009226832
0.040106989
0.035008266
-0.015539234
-0.043932774
-0.013868158
0.033565254
0.035728536
-0.009247435
-0.041326377
-0.01834947
0.028809222
0.037548014
-0.003712212
-0.040250251
-0.023311423
0.025113121
0.040694505
0.001845227
-0.040551902
-0.029454876
0.021974066
0.045663075
0.008242189
-0.042350408
-0.037806234
0.018932143
0.053433531
0.016665528
-0.046129321
-0.050213257
0.015384456
0.066047561
0.029336711
-0.053119446
-0.070624719
0.010230196
0.088351628
0.051407329
-0.066696008
-0.109369301
0.000896645
0.134832852
0.098315591
-0.099388886
-0.203785976
-0.019522068
0.27365218
0.242400126
-0.249563511
-0.639844828
0.022136864
2.197730591
5.249216326
7.795805474
8.806166531
8.415165162
7.678167499
7.528341499
7.990637063
8.393553466
8.247460884
7.787939735
7.624701992
7.96932279
8.372898528
8.285172395
7.769035812
7.493313141
7.938953494
8.68215232
8.606541019
6.925126842
4.006582128
1.161106548
-0.420130696
-0.557259063
-0.017537698
0.316393279
0.170760503
-0.126070704
-0.191964271
-0.014079258
0.139642385
0.092767819
-0.057575116
-0.110656001
-0.018965703
0.081994439
0.066658179
-0.029736674
-0.076825614
-0.021836155
0.054687262
0.054162839
-0.015097459
-0.058956184
-0.023850341
0.039101023
0.047306988
-0.00596233
-0.048268865
-0.025716136
0.029038937
0.043467676
0.000634297
-0.041408826
-0.027841917
0.021854676
0.041587508
0.006127523
-0.036839737
-0.030547015
0.016187934
0.041235209
0.011399124
-0.033772864
-0.034188294
0.011187754
0.042321483
0.017185274
-0.031773928
-0.039281148
0.006158624
0.045042518
0.024350796
-0.030598147
-0.04669516
0.000302903
0.049979008
0.034246772
-0.030119642
-0.058083036
-0.007642403
0.058459833
0.049479388
-0.030326511
-0.077029328
-0.020255738
0.073719972
0.076141822
-0.031492468
-0.112908265
-0.044179213
0.105508046
0.132555163
-0.035703123
-0.199421908
-0.102737208
0.200058998
0.306080998
-0.073441268
-0.590819948
-0.333377709
1.402172167
4.319879867
7.165002591
8.681063348
8.624934468
7.866087535
7.49051095
7.822688039
8.320642195
8.34871064
7.921188592
7.615886072
7.829825887
8.285483834
8.375164123
7.934333915
7.508353359
7.734916663
8.490143891
8.780304892
7.601146574
4.942760164
1.92152134
-0.112458256
-0.633146525
-0.190276655
0.269064872
0.252000984
-0.049129868
-0.205471451
-0.07869102
0.111787091
0.126735116
-0.014736409
-0.112292433
-0.055546829
0.060750764
0.084665737
-0.000124628
-0.073920281
-0.046092664
0.036715954
0.064456577
0.007713488
-0.053686129
-0.041347724
0.022947581
0.053070952
0.012844927
-0.041428247
-0.038981104
0.013875128
0.046151611
0.016910028
-0.033260825
-0.038178705
0.007105208
0.041872992
0.020752939
-0.027373477
-0.038661761
0.001373657
0.039377672
0.024958873
-0.022776536
-0.040435133
-0.004167553
0.038264803
0.030105758
-0.018820148
-0.043750077
-0.010296535
0.038409875
0.036974284
-0.014947963
-0.049199762
-0.018013682
0.039936027
0.046876506
-0.010486161
-0.058025048
-0.029013445
0.043334841
0.062409918
-0.004295643
-0.072989572
-0.046851133
0.04995691
0.089674807
0.006130909
-0.101352261
-0.08081207
0.06412739
0.146959577
0.027824222
-0.169162456
-0.164467536
0.108072341
0.321098468
0.085651502
-0.470677815
-0.548174123
0.720532992
3.384096676
6.406698283
8.405810471
8.769901198
8.094642872
7.523232617
7.670252658
8.200093975
8.404395796
8.06695153
7.659328941
7.714812713
8.161557359
8.411596227
8.100067967
7.58811678
7.585440588
8.256515253
8.814115274
8.135261793
5.844521889
2.777280307
0.339731868
-0.619445636
-0.365316181
0.173465203
0.306007457
0.043340646
-0.190625334
-0.137522119
0.065972408
0.145183716
0.032853472
-0.098349046
-0.086336629
0.030046918
0.09177946
0.030745039
-0.060726508
-0.06489313
0.013105158
0.066245446
0.030131729
-0.040943144
-0.053643126
0.003294755
0.051736428
0.030275661
-0.028838418
-0.047175612
-0.003396048
0.042620957
0.031093385
-0.020528338
-0.043452777
-0.008721074
0.036510508
0.032658505
-0.014180109
-0.0415933
-0.013648624
0.032223824
0.035151406
-0.008744904
-0.041232564
-0.018891615
0.029101902
0.038898459
-0.003456797
-0.042319446
-0.025189831
0.026726166
0.0444813
0.002456284
-0.045096881
-0.033589604
0.024772335
0.052988378
0.010082199
-0.050250403
-0.045946474
0.022895606
0.066650337
0.021428502
-0.059421023
-0.066209332
0.020572451
0.090741487
0.041125734
-0.077016478
-0.104708969
0.016838786
0.141028485
0.082981639
-0.119109197
-0.198846597
0.011443985
0.291797968
0.210458468
-0.308231391
-0.635585081
0.172900813
2.483409854
5.55030032
7.974000581
8.817150469
8.336862287
7.628172306
7.555113192
8.046149752
8.405733446
8.205938709
7.74941462
7.639253242
8.018151947
8.391570439
8.244811724
7.717951278
7.504198587
8.015474663
8.730885351
8.514870438
6.671992459
3.694136968
0.933643915
-0.491562411
-0.516852298
0.035707565
0.321343721
0.139926139
-0.146720411
-0.181801055
0.007199252
0.144449852
0.078897168
-0.069839716
-0.106774855
-0.006361338
0.086521174
0.058693123
-0.038643693
-0.075467485
-0.013114776
0.059015909
0.049093283
-0.022255987
-0.05893417
-0.017272142
0.043330539
0.043940912
-0.01209828
-0.049106508
-0.020472534
0.033267199
0.041244738
-0.004878346
-0.042905253
-0.023501849
0.026182907
0.040228039
0.000983256
-0.038932281
-0.026862977
0.020730604
0.040612917
0.006436155
-0.036491572
-0.031017181
0.016087587
0.042417584
0.012244199
-0.0352374
-0.03655213
0.011611373
0.045942681
0.019271283
-0.035042951
-0.044404839
0.006603631
0.051911787
0.028836443
-0.035982757
-0.056320084
-8.0613E-07
0.061911377
0.043461545
-0.038454494
-0.076060961
-0.010336899
0.07975808
0.069031269
-0.043749851
-0.113467142
-0.029833236
0.116898463
0.123240897
-0.057350652
-0.203977351
-0.076986331
0.227307384
0.290311532
-0.131284224
-0.616465559
-0.230911961
1.65597162
4.632462354
7.390631895
8.738815022
8.560500903
7.797799137
7.495617374
7.878069665
8.350764298
8.319413529
7.874460406
7.612933178